PLOT	Biomass_log	Biomass_N	Biomass_P	Biomass_K	Biomass_Ca_log	Biomass_N/P	Biomass_N/K	Biomass_K/P	Radish_log	Radish_N_log	Radish_P	Radish_K	Radish_Ca	Radish_N/P	Radish_N/K	Radish_K/P	Soil_P_log	Soil_K_log	Soil_Ca_log	Soil_N.tot_log	Soil_C/N	Soil_N/P	Soil_N/K	Soil_K/P	Soil_depth_categ	pH_KCl	CV_pH_KCl	pH-category	Slope	Altitude	Canopy_E3	Radiation	Heat	TransDir     	TransDif     	TransTot     	CanopyOpenPerc	TransDirPerc	TransDifPerc	TransTotPerc	Product-category	Moisture-predic	cambisol	luvisol	lithosol+ranker	skeletic_r	rendzina	heter	X	Y
1	1.14	2.1	0.2	2.5	0.294466226	10.5	0.84	12.5	0.301029996	0.705007959	0.51	5.98	5.15	7.980392157	0.680602007	11.7254902	1.079181246	2.480006943	3.625826713	0.139249218	33.81	0.034	0.001	27.364	5	5.28	0.282669001	1	4	412	80	0.8813	0.8575	3.72	2.83	6.55	9.46	18.03	13.78	15.91	1	1.947982485	0	0	0	0	1	39	-592850.95	-1158540.99
2	1.037	2.16	0.19	2.11	0.152288344	11.368	1.024	11.105	0.24674471	0.804820679	0.53	6.92	3.28	10.1509434	0.777456647	13.05660377	1.146128036	2.250420002	2.731588765	0.138618434	19.867	0.029	0.002	13.615	4.5	3.24	0.078688573	0	24	458	80	0.9329	0.8138	4.05	2.83	6.88	9.81	19.7	14.27	17.03	1	1.694735629	0	1	0	0	0	74	-599044.55	-1144730.39
3	1.21	1.2	0.18	1.76	0.260071388	6.667	0.682	9.778	0.388278863	0.779596491	0.66	9.78	2.97	7.606060606	0.513292434	14.81818182	1.544068044	2.416640507	3.249198357	0.174350597	18.968	0.015	0.002	7.647	3	4.01	0.102051599	1	13	414	80	0.9161	0.8503	4.38	2.94	7.31	10.88	21.21	14.51	17.89	1	1.430854789	0	0	1	0	0	43	-599503.18	-1142412.28
4	1.23	1.7	0.22	1.56	0.178976947	7.727	1.09	7.091	0.372912003	0.758154622	0.92	7.81	3.59	5.141304348	0.605633803	8.489130435	2.193124598	2.371067862	3.12515583	0.127104798	18.529	0.002	0.001	1.51	3	3.77	0.188291996	1	21	379	75	0.9305	0.9477	3.48	2.96	6.44	10.67	16.87	15.01	15.96	1	1.271778702	0	0	1	0	0	65	-604965.77	-1141877.74
5	1.336	1.78	0.2	1.86	0.056904851	8.9	0.957	9.3	0.372912003	0.805500858	0.77	6.51	3.17	7	0.827956989	8.454545455	2.187520721	2.267171728	2.750508395	0.146128036	19.675	0.003	0.002	1.203	3	3.5	0.025719426	0	0	374	70	0.8691	0.8691	3.73	3.15	6.88	10.83	18.08	15.33	16.71	1	1.494057575	1	0	0	0	0	45	-618065.73	-1176355.32
6	1.676	1.96	0.2	2.25	0.086359831	9.8	0.871	11.25	0.356981401	0.752816431	0.62	8.39	3.43	7.516129032	0.555423123	13.53225806	1.857332496	2.411619706	2.945960704	0.131618664	17.175	0.005	0.001	3.62	6	3.8	0.047514395	1	10	380	65	0.9178	0.8834	3.59	3.4	6.99	11.24	17.39	16.54	16.97	0	1.309656803	1	0	0	0	0	41	-618271.34	-1176549.97
7	1.701	1.76	0.23	2	0.093421685	7.652	0.88	8.696	0.225309282	0.778874472	0.57	0.55	3.36	8.789473684	9.109090909	0.964912281	1.77815125	2.344392274	2.814913181	0.156851901	17.655	0.007	0.002	3.729	7	3.48	0.049648976	0	6	373	65	0.8294	0.8034	4.49	2.87	7.36	9.47	21.77	14.03	17.92	0	1.360306174	1	0	0	0	0	29	-618510.49	-1176678.71
8	1.696	1.5	0.19	2.11	0.11058971	7.895	0.711	11.105	0.267171728	0.791690649	0.57	7	3.01	9.105263158	0.741428571	12.28070175	1.505149978	2.307496038	3.104828404	0.16790781	17.86	0.015	0.002	6.516	5	3.68	0.056140655	0	0	390	85	0.8691	0.8691	3.97	2.99	6.96	10.19	19.24	14.54	16.89	1	1.667389611	1	0	0	0	0	21	-615275.08	-1175329.19
9	1.17	1.23	0.16	2.01	0.136720567	7.688	0.612	12.563	0.267171728	0.764922985	0.63	8.29	2.93	7.650793651	0.581423402	13.15873016	1.672097858	2.72916479	3.40277707	0.201397124	21.017	0.013	0.001	11.63	3.5	4.24	0.098014251	1	38	255	80	0.6141	0.4226	3.61	2.92	6.53	11.75	19.83	16.38	18.13	1	1.11429622	0	0	1	0	0	50	-621870.24	-1166014.49
10	1.904	1.36	0.18	1.2	0.103803721	7.556	1.133	6.667	0.356981401	0.939519253	0.62	7.73	3.48	12.41935484	0.996119017	12.46774194	1.968482949	2.445604203	3.101059355	0.161368002	20.022	0.005	0.002	3.022	5	4.01	0.153180349	1	13	340	70	0.9053	0.9302	2.97	3.35	6.32	11.16	14.43	16.6	15.5	1	1.329447119	1	0	0	0	0	62	-623275.8	-1165452.31
11	0.924	1.68	0.24	2.11	0.123851641	7	0.796	8.792	0.372912003	0.796574333	0.8	8.04	3	6.575	0.654228856	10.05	2.086359831	2.63748973	3.244771761	0.285557309	19.344	0.008	0.002	3.579	2	3.83	0.08263238	1	29	368	85	0.7513	0.5807	2.95	2.76	5.71	12.11	15.1	14.49	14.8	1	1.28603465	0	0	1	0	0	78	-624679.18	-1164330.44
12	2.055	1.12	0.18	0.84	0.187520721	6.222	1.333	4.667	0.127104798	0.814913181	0.79	6.52	3.22	7	0.848159509	8.253164557	1.959041392	2.64246452	3.3287872	0.388278863	19.855	0.016	0.003	4.867	3	3.61	0.099776057	0	38	356	45	0.9445	0.9346	1.97	4.66	6.63	17.65	9.83	25.69	17.37	0	0.709854804	0	0	1	0	0	75	-624740.9	-1164696.5
13	1.613	1.32	0.17	1.91	0.103803721	7.765	0.691	11.235	0.286680969	0.751279104	0.65	8.04	3.69	7.138461538	0.577114428	12.36923077	1.414973348	2.542825427	3.296226287	0.163459552	15.339	0.018	0.001	13.92	2	4.66	0.224251797	1	27	427	70	0.9597	0.8697	4.78	3.55	8.32	12.36	23.36	18.18	20.84	0	1.1380273	0	0	1	0	0	52	-630343.23	-1154081.3
14	1.182	1.51	0.19	2.27	0.164352856	7.947	0.665	11.947	0.24674471	0.757396029	0.51	8.2	4.05	9.254901961	0.575609756	16.07843137	1.556302501	2.541579244	3.400192489	0.218797998	17.313	0.019	0.002	9.914	3.5	4.07	0.053473988	1	47	280	60	0.2611	0.4434	2.76	2.93	5.69	11.1	13.93	15.77	14.82	1	0.769225754	0	0	1	0	0	65	-592979.19	-1156321.49
15	1.29	1.6	0.28	2.4	0.305351369	5.714	0.667	8.571	0.4448252	0.73479983	0.69	7.86	4.2	6.420289855	0.563613232	11.39130435	1.491361694	2.252853031	3.348110068	0.117271296	17.129	0.01	0.002	5.933	4	5.14	0.071010668	1	30	290	75	0.9651	0.8945	4.02	2.67	6.69	10.95	19.8	14.09	17.04	1	0.768798027	1	0	1	0	0	71	-592862.61	-1154097.16
16	1.435	1.58	0.17	1.65	0.195899652	9.294	0.958	9.706	0.305351369	0.778874472	0.5	7.82	3.61	10.02	0.640664962	15.64	1.204119983	2.408239965	3.033423755	0.159266331	17.698	0.03	0.002	17	2	3.61	0.055593962	1	33	392	75	0.8343	0.6351	4.1	2.92	7.02	10.41	20.75	16.19	18.58	1	1.119830588	0	0	1	0	0	82	-612907.49	-1135343.59
17	1.401	1.39	0.19	1.69	0.161368002	7.316	0.822	8.895	0.403120521	0.781755375	0.69	8.92	3.48	7.31884058	0.566143498	12.92753623	1.886490725	2.394451681	3.182414652	0.161667412	17.206	0.006	0.002	3.25	2.5	3.89	0.083943565	1	22	310	75	0.8654	0.9495	3.31	2.53	5.84	8.57	16.53	13.06	14.83	1	0.681342907	0	0	1	0	0	62	-612405.64	-1137761.6
18	1.865	1.98	0.18	2.54	0.167317335	11	0.78	14.111	0.4448252	0.752816431	0.8	8.67	4.26	5.825	0.537485582	10.8375	2.23299611	2.720159303	3.593396842	0.268343914	16.632	0.005	0.002	3.082	1.5	4.62	0.049109893	1	24	340	70	0.7971	0.9237	3.37	2.86	6.23	10.27	16.48	14.59	15.55	1	1.176014328	0	0	1	0	0	73	-611215.28	-1138919.47
19	1.318	1.64	0.15	1.9	0.176091259	10.933	0.863	12.667	0.403120521	0.773786445	0.63	5.35	4.35	7.841269841	0.923364486	8.492063492	1.204119983	2.206825876	3.31344537	0.127104798	14.824	0.023	0.002	10.667	5.5	4.42	0.133547561	1	0	311	70	0.8797	0.8797	2.9	2.88	5.78	9.02	14.03	14.03	14.03	1	1.883077165	0	1	0	0	0	18	-638620.4	-1191748.9
20	1.553	1.47	0.19	1.97	0.117271296	7.737	0.746	10.368	0.417471693	0.761927838	0.57	8.88	3.03	8.385964912	0.538288288	15.57894737	1.897627091	2.324282455	3.068556895	0.116607744	17.695	0.004	0.001	2.692	4	3.52	0.02693954	1	0	326	70	0.8797	0.8797	2.66	3.23	5.89	10.62	12.89	15.73	14.31	1	1.883077165	0	1	0	0	0	33	-637874.12	-1191679.1
21	1.725	1.48	0.12	1.4	0.103803721	12.333	1.057	11.667	0.068185862	0.808210973	0.37	5.49	4.31	14.67567568	0.989071038	14.83783784	1	2.012837225	2.859738566	0.118925753	19.619	0.035	0.003	11.333	4	2.92	0.02513123	0	0	330	60	0.8797	0.8797	3.81	3.85	7.65	13.18	18.47	18.71	18.59	0	1.767522475	0	1	0	0	0	26	-637265.18	-1191375.82
22	0.716	1.73	0.17	1.6	0.123851641	10.176	1.081	9.412	0.178976947	0.756636108	0.46	6.1	3.44	10.23913043	0.772131148	13.26086957	1.041392685	2.155336037	2.978180517	0.133538908	16.306	0.036	0.003	14.2	3	3.04	0.030967319	0	0	327	65	0.8797	0.8797	4.02	4.12	8.14	14.9	19.48	20.03	19.76	0	1.82529982	0	1	0	0	0	29	-636836.63	-1191393.83
23	1.26	1.58	0.16	1.55	0.113943352	9.875	1.019	9.688	0.202760687	0.773786445	0.43	7.49	3.22	11.48837209	0.659546061	17.41860465	0.903089987	2.136720567	2.790988475	0.098643726	16.196	0.036	0.002	19.429	3	3.24	0.01079414	0	6	326	80	0.8119	0.8202	3.09	3.07	6.16	10.69	14.97	14.98	14.97	1	1.922657799	0	1	0	0	0	25	-637387.52	-1190833.25
24	0.204	1.88	0.13	0.59	0.260071388	14.462	3.186	4.538	0.035429738	0.829946696	0.38	5.33	4.74	15.15789474	1.080675422	14.02631579	1.176091259	2.311753861	2.984977126	0.160768562	23.415	0.032	0.002	14.571	4.5	2.86	0.026932914	0	0	329	70	0.8797	0.8797	3.51	2.73	6.23	9.51	17	13.31	15.16	1	1.883077165	0	1	0	0	0	23	-637059.35	-1190653.22
25	1.433	1.68	0.24	2.46	0.187520721	7	0.683	10.25	0.356981401	0.731588765	0.55	9.16	2.72	7.981818182	0.479257642	16.65454545	2.037426498	2.432969291	2.965671971	0.152288344	21.524	0.004	0.002	2.5	3.5	3.26	0.056676269	0	31	285	70	0.6225	0.8123	3.55	2.71	6.26	9.23	17.61	14.09	15.89	0	1.087377929	0	0	1	0	0	38	-637714.83	-1190111.7
26	1.473	1.52	0.11	1.43	0.120573931	13.818	1.063	13	0.225309282	0.762678564	0.42	7.93	3.51	11.4047619	0.604035309	18.88095238	0.954242509	2.220108088	2.818225894	0.122215878	14.369	0.041	0.002	20.625	5	3.25	0.017880735	0	5	272	65	0.8439	0.8243	3.27	2.52	5.78	8.28	15.84	12.26	14.05	1	1.761988106	0	1	0	0	0	34	-636504.35	-1189566.42
27	1.384	1.77	0.13	0.98	0.181843588	13.615	1.806	7.538	0.202760687	0.770852012	0.42	6.57	3.54	11.66666667	0.745814307	15.64285714	0.903089987	2.201397124	2.880241776	0.114944416	20.165	0.043	0.002	22.571	6	3.28	0.018958088	0	0	339	60	0.8797	0.8797	2.94	3.1	6.03	10.63	14.21	15.06	14.64	1	1.767522475	0	1	0	0	0	33	-638586.77	-1186995.64
28	1.487	1.17	0.16	1.33	0.133538908	7.313	0.88	8.313	0.403120521	0.77815125	0.58	7.41	2.75	8.620689655	0.674763833	12.77586207	1.963787827	2.227886705	2.910090546	0.136720567	15.378	0.004	0.002	1.846	4.5	3.56	0.026833733	0	0	431	70	0.8691	0.8691	3.96	3.28	7.24	11.24	19.21	15.95	17.58	1	1.494057575	1	0	0	0	0	11	-647835.54	-1174418
29	1.59	1.34	0.18	1.42	0.1430148	7.444	0.944	7.889	0.3232521	0.789580712	0.53	7.94	2.92	9.735849057	0.649874055	14.98113208	1.431363764	2.374748346	2.893761762	0.122543524	15.552	0.013	0.001	9.077	3	3.61	0.029662749	0	0	429	85	0.8691	0.8691	3.66	3.06	6.72	9.9	17.76	14.88	16.32	1	2.056409201	0	1	0	0	0	18	-647904.58	-1174658.73
30	1.481	1.16	0.14	1.25	0.146128036	8.286	0.928	8.929	0.202760687	0.792391689	0.52	7.77	3.19	10	0.669240669	14.94230769	1.079181246	2.155336037	2.85308953	0.120573931	21.281	0.029	0.002	12.909	6.5	3.29	0.024442428	0	0	407	65	0.8691	0.8691	4.38	2.94	7.32	9.8	21.23	14.29	17.76	1	1.82529982	0	1	0	0	0	17	-646649.56	-1176173.65
31	1.201	1.35	0.15	1.11	0.155336037	9	1.216	7.4	0.202760687	0.799340549	0.56	7.72	2.71	9.464285714	0.686528497	13.78571429	1.477121255	2.238046103	2.81756537	0.105510185	21.6	0.009	0.002	5.931	4.5	3.2	0.043817954	0	0	411	75	0.8797	0.8797	3.49	3.05	6.54	10.35	16.9	14.83	15.87	0	1.94085451	0	1	0	0	0	15	-647028.16	-1175911.78
32	1.305	1.31	0.14	1.13	0.173186268	9.357	1.159	8.071	0.153814864	0.810904281	0.48	6.34	3.34	11.39583333	0.862776025	13.20833333	1.230448921	2.139879086	2.996073654	0.124178055	24.894	0.021	0.002	8.563	4	3.35	0.051301383	0	0	449	70	0.8797	0.8797	3.06	3.1	6.16	10.37	14.81	15.08	14.95	1	1.494057575	1	0	0	0	0	25	-633071.19	-1162257.32
33	1.755	1.14	0.13	1.18	0.149219113	8.769	0.966	9.077	0.127104798	0.797959644	0.78	7.19	3.91	6.769230769	0.734353268	9.217948718	2.130333768	2.5289167	3.212187604	0.28780173	21.66	0.007	0.003	2.515	1	3.09	0.099946715	0	35	400	55	0.6503	0.8569	5.16	4.68	9.84	17.12	25.95	25	25.49	1	0.863396522	0	0	1	0	0	40	-634797.97	-1163085.44
34	1.697	1.11	0.14	1.15	0.130333768	7.929	0.965	8.214	0.202760687	0.795880017	0.71	8.63	2.74	7.394366197	0.60834299	12.15492958	2.123851641	2.264817823	2.873320602	0.149219113	18.098	0.003	0.002	1.386	4.5	3.14	0.014383572	0	16	429	65	0.9203	0.9509	4.42	3.72	8.13	14.9	21.47	18.38	19.94	1	1.233682746	1	0	0	0	0	41	-634760.22	-1162934.31
35	1.401	1.42	0.15	1.73	0.198657087	9.467	0.821	11.533	0.178976947	0.781036939	0.42	6.79	3.2	12	0.742268041	16.16666667	1.113943352	2.158362492	2.895422546	0.098643726	19.255	0.021	0.002	11.917	5	3.26	0.03117939	0	0	422	70	0.8797	0.8797	3.26	2.82	6.08	9.66	15.82	13.71	14.77	0	1.883077165	0	1	0	0	0	13	-634753.87	-1165546.79
36	0.633	1.58	0.17	1.57	0.187520721	9.294	1.006	9.235	0.225309282	0.787460475	0.45	9.19	2.77	11.4	0.558215452	20.42222222	1.301029996	2.292256071	2.910090546	0.100370545	20.154	0.014	0.001	10.263	3.5	3.38	0.020535763	0	4	444	80	0.8939	0.9017	2.73	2.8	5.52	9.27	13.21	13.64	13.43	0	1.492138145	0	1	0	0	0	15	-634823.89	-1165445.48
37	1.238	1.68	0.21	2.42	0.285557309	8	0.694	11.524	0.457881897	0.709269961	0.66	8.83	3.27	6.242424242	0.466591166	13.37878788	2.093421685	2.489958479	3.281487888	0.144885418	21.439	0.003	0.001	2.504	4	4.01	0.245641185	1	5	458	75	0.9069	0.8946	3.87	2.46	6.32	8.04	18.76	11.94	15.36	1	1.307737372	0	0	0	1	0	36	-663231.16	-1183578.17
38	1.248	1.59	0.22	2.47	0.158362492	7.227	0.644	11.227	0.24674471	0.77524626	0.55	7.11	3.36	9.018181818	0.697609001	12.92727273	1.491361694	2.164352856	2.696356389	0.102433706	18.346	0.009	0.002	4.833	3	3.38	0.038801411	0	8	401	70	0.9212	0.9016	3.77	2.86	6.63	9.02	18.29	13.98	16.15	0	0.411818771	1	0	1	0	0	23	-651169.43	-1184881.68
39	1.407	1.08	0.19	1.77	0.184691431	5.684	0.61	9.316	0.403120521	0.741939078	0.62	7.99	3.6	7.290322581	0.565707134	12.88709677	1.342422681	2.195899652	3.008174184	0.10720997	15.5	0.013	0.002	7.429	4	3.9	0.129505672	1	6	373	65	0.8867	0.8484	3.89	2.84	6.73	8.8	18.85	13.88	16.38	1	1.749325764	0	1	0	0	0	31	-647522.08	-1182073.93
40	0.699	1.06	0.18	1.57	0.243038049	5.889	0.675	8.722	0.388278863	0.73479983	0.6	9.2	3.17	7.383333333	0.481521739	15.33333333	1.591064607	2.618048097	3.406710459	0.116607744	20.292	0.008	0.001	10.895	5	4.08	0.076910291	1	7	358	75	0.8956	0.8528	3.71	3.29	6.99	11.41	17.98	16.12	17.06	1	1.852218111	0	1	0	0	0	21	-646876.76	-1182335.78
41	1.446	1.2	0.19	0.93	0.173186268	6.316	1.29	4.895	0.225309282	0.802089258	0.55	6.96	3.25	9.709090909	0.767241379	12.65454545	1.819543936	2.334453751	2.864511081	0.130333768	22.086	0.005	0.002	3.308	3	3.34	0.043995336	0	7	353	65	0.8849	0.842	3.56	2.98	6.54	10.16	17.26	14.52	15.89	1	1.736663421	0	1	0	0	0	50	-609467.64	-1165808.67
42	1.352	1.27	0.17	1.6	0.195899652	7.471	0.794	9.412	0.3232521	0.77524626	0.6	8.79	2.61	8.266666667	0.564277588	14.65	1.924279286	2.462397998	3.222456337	0.111934276	23.163	0.004	0.001	3.482	7	3.53	0.051612498	0	22	345	70	0.659	0.7908	3.2	2.66	5.86	8.48	15.58	13.24	14.42	0	1.215486035	1	0	0	0	0	46	-608929.25	-1164065.51
43	1.459	1.49	0.22	1.72	0.201397124	6.773	0.866	7.818	0.305351369	0.767897616	0.71	8.74	3.01	6.845070423	0.556064073	12.30985915	1.255272505	2.257678575	2.867467488	0.149834697	20.316	0.024	0.002	10.588	4	3.9	0.041714305	1	9	309	80	0.8879	0.8329	2.96	2.84	5.81	9.37	14.36	14.01	14.18	1	1.495651181	1	0	0	0	0	55	-604635.9	-1158166.06
44	1.545	1.23	0.11	1.04	0.195899652	11.182	1.183	9.455	0.24674471	0.770115295	0.5	7.54	3.58	9.78	0.648541114	15.08	1.838849091	2.294466226	2.920645001	0.137670537	21.984	0.005	0.002	2.882	2.5	3.5	0.062221501	0	21	359	55	0.7809	0.903	4.6	3.19	7.78	10.12	22.4	15.97	19.23	0	1.040669321	0	0	1	0	0	48	-603545.91	-1161237.09
45	0.982	1.29	0.14	1.11	0.158362492	9.214	1.162	7.929	0.286680969	0.794488047	0.71	7.8	3.15	7.366197183	0.670512821	10.98591549	1.301029996	2.220108088	3.052693942	0.160768562	22.813	0.024	0.003	8.684	3.5	3.5	0.079386379	0	25	339	85	0.626	0.554	2.89	3	5.89	10.49	14.09	15.08	14.58	0	1.350831042	1	0	0	0	0	64	-602301.55	-1160658.03
46	1.757	0.87	0.11	0.89	0.164352856	7.909	0.978	8.091	0.3232521	0.750508395	0.5	8.1	3.05	9.26	0.571604938	16.2	1.230448921	2.222716471	3.086003706	0.114944416	23.102	0.019	0.002	10.375	4	3.86	0.136501397	1	14	374	65	0.7426	0.7014	3.31	3.19	6.51	11.72	16.07	15.71	15.89	1	1.259007431	1	0	0	0	0	63	-602029.49	-1161526.59
47	1.217	1.41	0.18	1.06	0.187520721	7.833	1.33	5.889	0.417471693	0.737192643	0.67	9.37	3.32	6.656716418	0.475987193	13.98507463	1.851258349	2.356025857	3.227115083	0.122215878	20.185	0.005	0.001	3.229	2.5	3.87	0.018809009	1	20	340	80	0.9489	0.9216	4.45	3.18	7.64	11.24	21.6	15.89	18.78	1	1.35636541	1	1	0	0	0	67	-604143.06	-1161109.76
48	1.528	1.05	0.16	1.31	0.161368002	6.563	0.802	8.188	0.356981401	0.752816431	0.56	7.82	3.29	8.321428571	0.595907928	13.96428571	1.653212514	2.173186268	3.100370545	0.125806458	21.012	0.008	0.002	3.364	3	3.69	0.027688919	1	15	370	65	0.9375	0.901	4.36	3	7.36	10.43	21.12	14.84	18.01	0	1.246345089	1	0	0	0	0	73	-604129.65	-1160986.94
49	1.535	1.21	0.16	1.07	0.206825876	7.563	1.131	6.688	0.267171728	0.792391689	0.51	7.17	2.85	10.19607843	0.725244073	14.05882353	1.72427587	2.139879086	2.832508913	0.111934276	23.639	0.006	0.002	2.635	4.5	3.44	0.040614563	0	15	385	70	0.9375	0.901	4.05	3.26	7.3	10.72	19.62	16.16	17.91	1	1.304122434	1	1	0	0	0	74	-601070.62	-1152340.35
50	1.612	1.4	0.17	1.3	0.227886705	8.235	1.077	7.647	0.286680969	0.781036939	0.52	8.53	3.07	9.692307692	0.590855803	16.40384615	1.579783597	2.269512944	3.009450896	0.120573931	23.406	0.009	0.002	5	4	3.55	0.111369804	0	8	410	85	0.9064	0.8717	3.36	2.23	5.59	7.59	16.31	11	13.68	1	1.955110459	0	0	0	0	0	48	-601408.72	-1153204.65
51	1.104	1.8	0.21	1.87	0.252853031	8.571	0.963	8.905	0.278753601	0.746634199	0.42	6.6	3.61	10.9047619	0.693939394	15.71428571	1.397940009	1.939519253	2.919601024	0.08278537	80.905	0.009	0.002	3.583	7	4.06	0.156779541	0	9	444	75	0.9148	0.8927	3.87	3.18	7.05	10.35	18.74	15.59	17.17	0	1.437873836	1	0	0	0	0	52	-584326.06	-1158370.23
52	0.792	2.44	0.3	4.03	0.326335861	8.133	0.605	13.433	0.322219295	0.769377326	0.61	7.61	3.21	8	0.641261498	12.47540984	1.556302501	2.195899652	2.824776462	0.096562438	22.731	0.007	0.002	4.457	6.5	3.87	0.092506566	0	9	445	80	0.9103	0.9078	3.5	2.55	6.05	8.17	16.98	12.49	14.75	1	1.495651181	1	0	0	0	0	51	-584983.96	-1157685.66
53	1.225	1.46	0.23	1.91	0.367355921	6.348	0.764	8.304	0.322219295	0.701567985	0.66	6.2	5.85	6.106060606	0.65	9.393939394	2.025305865	2.311753861	3.713406532	0.075911761	26.335	0.002	0.001	1.943	4.5	6.9	0.047140452	1	25	378	75	0.9333	0.8096	3.73	2.72	6.45	9	18.32	14.36	16.41	1	1.22112933	0	0	1	0	0	52	-585902.08	-1158998.72
54	1.678	1.93	0.34	3.69	0.403120521	5.676	0.523	10.853	0.397940009	0.725911632	0.52	5.36	5.81	8.307692308	0.805970149	10.30769231	1.785329835	2.477121255	3.701481636	0.162862993	25.824	0.008	0.002	4.983	3.5	5.67	0.174744963	1	0	438	85	0.8691	0.8691	2.87	2.59	5.46	9.29	13.92	12.58	13.26	1	2.056409201	0	0	0	0	1	30	-586955.67	-1157442.58
55	1.037	1.14	0.16	1.81	0.1430148	7.125	0.63	11.313	0.230448921	0.806179974	0.53	7.51	2.71	10.18867925	0.719041278	14.16981132	1.643452676	2.301029996	3.018700499	0.174641193	28.323	0.012	0.002	4.628	3	3.66	0.071804748	0	25	401	70	0.8266	0.9415	3.92	2.89	6.81	10.16	19.51	14.92	17.26	0	1.163351985	0	0	1	0	0	81	-599685.61	-1148706.34
56	1.167	0.98	0.18	1.74	0.113943352	5.444	0.563	9.667	0.301029996	0.783188691	0.63	9.42	2.89	8.047619048	0.538216561	14.95238095	2.025305865	2.392696953	3.194236749	0.224791956	22.006	0.006	0.003	2.343	2	3.95	0.0536736	0	30	399	65	0.6823	0.8623	3.66	2.77	6.42	9.41	18.51	14.42	16.49	1	1.042262926	0	0	1	0	0	81	-599699.37	-1148589.88
57	1.745	1.26	0.18	2.3	0.173186268	7	0.548	12.778	0.380211242	0.748188027	0.63	8.8	3.56	7.301587302	0.522727273	13.96825397	2.201397124	2.305351369	3.241795431	0.159567193	11.486	0.003	0.002	1.272	5	4.49	0.045172322	1	25	388	65	0.9483	0.9415	3.91	3.11	7.02	10.88	18.99	15.8	17.43	1	1.10557464	0	0	1	0	0	67	-592966.91	-1149425.83
58	0.969	1.59	0.2	2.3	0.152288344	7.95	0.691	11.5	0.278753601	0.800029359	0.57	7.57	3.07	9.315789474	0.701453104	13.28070175	1.380211242	2.096910013	2.807535028	0.100715087	27.816	0.011	0.002	5.391	7	3.74	0.106248589	0	5	328	65	0.8285	0.8243	2.34	2.95	5.29	9.3	11.36	14.59	12.96	0	1.372968516	1	0	0	0	0	55	-646051.08	-1196232.88
59	1.579	1.38	0.15	1.32	0.158362492	9.2	1.045	8.8	0.176091259	0.780317312	0.49	7.44	3.09	10.26530612	0.676075269	15.18367347	1.612783857	2.305351369	2.729974286	0.158362492	23.386	0.011	0.002	5.025	3.5	3.74	0.02379704	0	5	386	60	0.9063	0.8993	3.31	2.88	6.19	9.65	16.06	14.13	15.1	0	1.315191171	1	0	0	0	0	35	-647034.49	-1195667.71
60	1.848	1.28	0.14	1.33	0.130333768	9.143	0.962	9.5	0.230448921	0.758154622	0.35	7.48	2.9	13.51428571	0.632352941	21.37142857	1.255272505	2.201397124	2.559906625	0.11991541	29.151	0.019	0.002	9.294	5	3.35	0.042982311	0	0	370	65	0.8797	0.8797	3.56	3.18	6.73	10.51	17.23	15.62	16.43	0	1.43628023	1	0	0	0	0	41	-646669.25	-1195439.62
61	1.806	1.1	0.16	1.36	0.086359831	6.875	0.809	8.5	0.204119983	0.795880017	0.55	7.6	2.68	9.545454545	0.690789474	13.81818182	1.740362689	2.220108088	2.680335513	0.118925753	26.635	0.006	0.002	3.056	7	3.54	0.014278044	0	4	339	60	0.874	0.8489	3.77	3.28	7.05	10.65	18.26	16.09	17.18	0	1.327853514	1	0	0	0	0	67	-646065.13	-1194639.1
62	1.672	1.13	0.16	1.51	0.06069784	7.063	0.748	9.438	0.230448921	0.786751422	0.48	8.16	2.46	10.66666667	0.62745098	17	1.579783597	2.178976947	2.471291711	0.10720997	29.429	0.008	0.002	4.054	3	3.44	0.035340765	0	6	348	50	0.8787	0.9071	2.95	2.95	5.9	8.9	14.31	14.5	14.4	0	1.172827117	0	0	1	0	0	44	-646514.87	-1193952.47
63	1.037	1.6	0.15	1.26	0.240549248	10.667	1.27	8.4	0.204119983	0.763427994	0.4	6.96	3.58	12	0.689655172	17.4	1.204119983	2.100370545	2.84135947	0.092720645	28.487	0.016	0.002	8.333	5	3.81	0.06500739	0	4	398	65	0.8998	0.8987	2.75	2.49	5.24	7.93	13.32	12.19	12.76	0	1.385630859	1	0	0	0	0	30	-648062.38	-1194587.15
64	1.599	1.48	0.16	1.17	0.1430148	9.25	1.265	7.313	0.204119983	0.798650645	0.56	7.52	2.59	9.446428571	0.703457447	13.42857143	1.86923172	2.255272505	2.57054294	0.131618664	30.593	0.005	0.002	2.452	4.5	3.47	0.021661049	0	7	405	50	0.8916	0.8477	3.31	3.09	6.4	10.21	16.05	15.11	15.58	0	1.174311795	1	0	0	0	0	45	-647751.7	-1194598.46
65	1.637	1.25	0.15	1.35	0.100370545	8.333	0.926	9	0.176091259	0.77815125	0.45	7.72	2.93	11.11111111	0.647668394	17.15555556	1.531478917	2.235528447	2.404833717	0.125806458	28.75	0.01	0.002	5.182	7	3.48	0.03368259	0	4	380	60	0.8623	0.8406	2.92	3.11	6.03	10.26	14.17	15.17	14.67	0	1.327853514	1	0	0	0	0	70	-647110.5	-1194256.38
66	1.838	1.49	0.12	2.17	0.190331698	12.417	0.687	18.083	0.176091259	0.73479983	0.27	5.99	3.86	16.40740741	0.739565943	22.18518519	1.255272505	2.278753601	2.841984805	0.138302698	26.373	0.022	0.002	11.118	4.5	3.75	0.100558441	0	34	277	40	0.7058	0.8964	4.44	4.24	8.69	13.62	23.49	23.08	23.29	0	0.70272683	0	0	1	0	0	68	-648291.82	-1197455.65
67	1.104	1.57	0.18	1.9	0.195899652	8.722	0.826	10.556	0.255272505	0.789580712	0.51	7.36	3.31	10.11764706	0.701086957	14.43137255	1.544068044	2.23299611	2.73239376	0.09131516	25.897	0.007	0.001	5	5.5	4.08	0.103206035	0	0	376	75	0.8797	0.8797	2.87	2.54	5.41	8.25	13.91	12.35	13.13	0	1.55183492	1	0	0	0	0	30	-649680.43	-1197809.97
68	1.572	1.31	0.13	1.69	0.093421685	10.077	0.775	13	0.146128036	0.77524626	0.44	7.13	3.26	11.27272727	0.695652174	16.20454545	1.414973348	2.274157849	2.627365857	0.135450699	30.164	0.015	0.002	7.48	3	3.47	0.045067858	0	0	412	70	0.8797	0.8797	2.91	2.63	5.55	9.13	14.12	12.82	13.47	0	1.479910554	0	0	1	0	0	33	-650126.87	-1197499.72
69	1.662	1.12	0.21	1.79	0.089905111	5.333	0.626	8.524	0.230448921	0.766412847	0.44	7.22	3.23	11	0.670360111	16.40909091	1.716003344	2.149219113	2.309630167	0.078819183	27.638	0.004	0.001	2.745	5.5	3.61	0.008569401	0	23	455	60	0.9008	0.9674	3.34	2.89	6.23	10.34	16.34	14.59	15.48	1	1.087269001	1	0	0	0	0	84	-657304.26	-1188799.62
70	1.597	0.91	0.15	1.55	0.146128036	6.067	0.587	10.333	0.278753601	0.737987326	0.54	8.14	3.22	8.277777778	0.549140049	15.07407407	1.73239376	2.278753601	2.824125834	0.111934276	27.041	0.006	0.002	3.566	2.5	3.96	0.113498739	0	30	402	70	0.8362	0.9609	4.59	3.33	7.92	11.57	22.56	17.45	20.09	1	1.100040272	0	0	1	0	0	67	-658035.52	-1188305.58
71	1.625	1.3	0.13	1.96	0.103803721	10	0.663	15.077	0.204119983	0.763427994	0.39	6.23	3.62	12.30769231	0.77046549	15.97435897	1.322219295	2.190331698	2.532754379	0.098989639	32.695	0.013	0.002	7.7	7	3.74	0.028631691	0	3	431	65	0.8551	0.8462	2.54	3.15	5.69	10.65	12.3	15.41	13.85	1	1.398293202	1	0	0	0	0	39	-656137.8	-1191273.39
72	1.312	1.54	0.15	1.85	0.127104798	10.267	0.832	12.333	0.204119983	0.758154622	0.44	6.64	3.45	10.75	0.712349398	15.09090909	1.176091259	2.195899652	2.555094449	0.102433706	32.406	0.019	0.002	11.143	4.5	3.61	0.065824698	0	19	409	55	0.9313	0.9573	4.86	2.84	7.69	9.14	23.6	14.29	19.03	0	1.080141027	1	0	0	0	0	61	-655647.9	-1191104.14
73	1.373	1.45	0.16	1.94	0.120573931	9.063	0.747	12.125	0.230448921	0.738780558	0.32	6.6	3.99	14	0.678787879	20.625	1.113943352	2.371067862	2.835690571	0.116607744	34.448	0.026	0.001	19.5	2	3.89	0.096908331	0	13	402	85	0.9219	0.9398	3.93	2.82	6.74	9.53	19.05	13.93	16.52	1	1.502779155	1	0	0	0	0	48	-654630.25	-1191053.01
74	1.164	1.48	0.13	1.96	0.170261715	11.385	0.755	15.077	0.204119983	0.775974331	0.34	5.85	3.46	14.61764706	0.84957265	17.20588235	0.84509804	2.212187604	2.645422269	0.097604329	32.698	0.042	0.002	27	4	3.74	0.015282022	0	0	425	70	0.8797	0.8797	2.34	2.73	5.07	8.68	11.35	13.25	12.3	1	1.494057575	1	0	0	0	0	36	-654160.08	-1190980.84
75	1.025	1.8	0.13	1.23	0.195899652	13.846	1.463	9.462	0.176091259	0.786751422	0.28	7.22	2.51	18.28571429	0.709141274	25.78571429	1.146128036	2.227886705	2.469822016	0.150142162	31.84	0.032	0.002	12.923	6	3.34	0.038652528	0	7	398	70	0.8046	0.8027	2.83	3.17	6	10.68	13.72	15.57	14.64	1	1.405421176	1	0	0	0	0	35	-649614.27	-1195466.62
76	1.529	1.33	0.14	1.65	0.079181246	9.5	0.806	11.786	0.113943352	0.783188691	0.32	6.31	3.08	15.84375	0.803486529	19.71875	1.342422681	2.176091259	2.240549248	0.131618664	31.441	0.017	0.002	7.095	3.5	3.48	0.040009843	0	7	407	55	0.8378	0.8827	4.06	2.86	6.92	9.29	19.67	13.97	16.84	1	1.21794212	0	0	1	0	0	28	-649419.13	-1196151.8
77	1.253	1	0.11	1.13	0.149219113	9.091	0.885	10.273	0.204119983	0.751279104	0.28	5.25	4.45	16.57142857	0.883809524	18.75	1	2.093421685	2.71432976	0.085290578	21.429	0.024	0.002	13.667	4.5	3.6	0.042309851	0	27	369	35	0.864	0.698	3.17	3.83	7	13.85	15.47	19.34	17.37	1	0.733585884	0	0	1	0	0	74	-648804.04	-1196494.11
78	1.61	0.95	0.09	0.77	0.103803721	10.556	1.234	8.556	0.230448921	0.720985744	0.28	7.52	3.55	15.21428571	0.566489362	26.85714286	1.204119983	2.255272505	2.547774705	0.147985321	23.818	0.027	0.002	11.933	4.5	3.58	0.008641161	0	23	377	30	0.9008	0.9674	13.08	10.08	23.16	36.66	63.75	50.53	57.23	1	0.72645791	0	0	1	0	0	70	-649133.3	-1196517.91
79	1.728	1.26	0.2	1.81	0.164352856	6.3	0.696	9.05	0.431363764	0.740362689	0.45	7.78	3.45	10	0.57840617	17.28888889	1.591064607	2.380211242	2.973589623	0.104828404	26.63	0.007	0.001	6.289	5	4.47	0.115104704	1	5	353	60	0.8576	0.8305	3.33	3.27	6.59	11.25	16.15	15.88	16.01	1	1.704210761	0	1	0	0	0	33	-644768.45	-1184126.6
80	1.522	1.15	0.16	1.45	0.184691431	7.188	0.793	9.063	0.278753601	0.788168371	0.51	7.79	2.85	10.07843137	0.659820282	15.2745098	1.62324929	2.29666519	2.833784375	0.091666958	27.66	0.006	0.001	4.805	4	3.76	0.095665681	0	5	355	75	0.8971	0.9068	3.69	3.09	6.77	10.21	17.88	15.02	16.45	1	1.877542797	0	1	0	0	0	25	-644205.53	-1183865.43
81	1.334	1.16	0.18	1.99	0.133538908	6.444	0.583	11.056	0.342422681	0.728353782	0.57	8.28	2.68	7.631578947	0.525362319	14.52631579	1.959041392	2.397940009	3.190611798	0.141449773	24.156	0.004	0.002	2.767	2	4.54	0.117341151	1	25	283	40	0.9598	0.8879	4.09	3.64	7.73	12.59	19.95	19.08	19.53	0	0.816687915	0	0	1	0	0	72	-626146.64	-1168271.11
82	1.543	1.15	0.21	1.77	0.11058971	5.476	0.65	8.429	0.278753601	0.755112266	0.71	7.8	2.37	6.605633803	0.601282051	10.98591549	2.235528447	2.342422681	3.009450896	0.105510185	24.764	0.002	0.001	1.281	5	3.57	0.026573762	0	31	301	75	0.7603	0.5748	3.74	2.95	6.69	9.91	18.19	14.94	16.59	1	1.159302295	1	0	0	0	0	59	-625806.71	-1168695
83	1.364	1.74	0.27	2.61	0.240549248	6.444	0.667	9.667	0.146128036	0.784617293	0.58	6	2.81	8.775862069	0.848333333	10.34482759	1.812913357	2.328379603	2.893206753	0.174641193	23.778	0.008	0.002	3.313	6	3.62	0.020081116	0	28	339	85	0.815	0.9427	3.32	2.47	5.79	8.36	16.43	12.91	14.72	1	1.312844013	1	0	0	0	0	59	-630397.78	-1160436.12
84	1.423	1.27	0.17	2.38	0.130333768	7.471	0.534	14	0.204119983	0.790988475	0.57	6.75	3.03	9.087719298	0.767407407	11.84210526	1.755874856	2.326335861	3.116275588	0.214048679	25.604	0.011	0.003	3.768	2	3.9	0.053874508	0	40	408	80	0.5698	0.3817	3.56	3.38	6.94	12.73	17.64	17.17	17.41	1	1.088971534	0	0	1	0	0	56	-630816.6	-1159514.72
85	1.403	0.86	0.18	1.63	0.133538908	4.778	0.528	9.056	0.204119983	0.759667845	0.46	6.29	3.25	10.32608696	0.755166932	13.67391304	1.602059991	2.149219113	2.727541257	0.116607744	20.747	0.008	0.002	3.59	2.5	3.87	0.075217521	0	36	373	65	0.8812	0.9642	4.65	3.11	7.76	10.46	22.8	16.57	19.82	1	0.96628887	0	0	1	0	0	63	-630136.7	-1160148.76
86	1.68	0.94	0.12	1.48	0.093421685	7.833	0.635	12.333	0.230448921	0.756636108	0.44	6.44	3.5	10.70454545	0.73136646	14.63636364	1.556302501	2.31386722	2.850033258	0.111934276	23.537	0.008	0.001	5.857	4	3.74	0.015658461	0	14	376	80	0.9324	0.8844	3.24	3.2	6.44	12.13	15.73	16.12	15.93	1	1.821359057	0	1	0	0	0	52	-625881.91	-1162413.28
87	1.642	0.96	0.16	1.94	0.113943352	6	0.495	12.125	0.255272505	0.743509765	0.62	7.1	3.6	7.322580645	0.63943662	11.4516129	2.06069784	2.139879086	3.058805487	0.105850674	24.565	0.002	0.002	1.202	5.5	4.15	0.098144119	0	23	408	65	0.9023	0.9575	3.75	2.95	6.7	9.83	18.41	15.01	16.74	1	1.145046347	1	0	0	0	0	75	-625374.22	-1161836.53
88	1.508	1.21	0.14	1.77	0.167317335	8.643	0.684	12.643	0.230448921	0.752048448	0.36	7.06	3.08	12.91666667	0.658640227	19.61111111	1.255272505	1.991226076	2.53529412	0.063333359	25.732	0.009	0.002	5.706	5	3.52	0.024571871	0	18	384	75	0.9374	0.8604	3.45	2.62	6.06	8.59	16.7	13.06	14.91	1	1.323912751	1	0	0	0	0	45	-633001.55	-1167320.69
89	0.785	1.95	0.25	2.79	0.238046103	7.8	0.699	11.16	0.230448921	0.744292983	0.45	7.14	3.5	10.11111111	0.637254902	15.86666667	1.568201724	2.033423755	2.607455023	0.085290578	18.802	0.006	0.002	2.972	4	3.82	0.053757286	0	22	356	75	0.9028	0.9556	4.21	2.97	7.18	11.09	20.6	15.14	17.93	1	1.27326338	1	0	0	0	0	66	-628324.9	-1167840.96
90	1.286	1.28	0.09	1.44	0.103803721	14.222	0.889	16	0.230448921	0.763427994	0.33	7.36	2.83	14.54545455	0.652173913	22.3030303	1.146128036	2.164352856	2.631443769	0.108565024	22.746	0.022	0.002	11.154	4	3.51	0.019080398	0	36	333	45	0.5393	0.4073	2.8	3.66	6.46	13.54	14.19	19.19	16.65	1	0.735179489	0	0	1	0	0	77	-627924.09	-1168896.77
91	1.727	1.14	0.16	2.15	0.214843848	7.125	0.53	13.438	0.230448921	0.774516966	0.44	6.3	3.19	11.25	0.785714286	14.31818182	1.342422681	2.11058971	2.902002891	0.131618664	27.401	0.017	0.003	6.095	7	3.48	0.020006382	0	18	301	75	0.9223	0.8212	2.83	2.75	5.58	9.21	13.79	14.1	13.94	1	1.712932341	0	1	0	0	0	65	-587834.31	-1187225
92	1.477	1.12	0.09	2.41	0.220108088	12.444	0.465	26.778	0.146128036	0.748188027	0.38	5.72	3.1	12.10526316	0.804195804	15.05263158	0.698970004	2.201397124	2.943988875	0.124830149	32.342	0.083	0.002	39.5	7	3.24	0.004364857	0	15	329	70	0.7433	0.8344	3.18	3	6.17	10.33	15.41	15.12	15.27	1	1.693142024	0	1	0	0	0	70	-587504.98	-1187514.5
93	1.17	1.06	0.12	1.97	0.173186268	8.833	0.538	16.417	0.204119983	0.737987326	0.37	6.29	3.83	12.08108108	0.710651828	17	1.230448921	2.292256071	3.201397124	0.155336037	27.326	0.027	0.002	12.188	7	3.93	0.065005609	0	5	351	75	0.8268	0.8254	3.8	3.1	6.9	9.74	18.43	15.15	16.8	1	1.877542797	0	1	0	0	0	42	-584662.42	-1186444.39
94	1.708	1.4	0.13	2.42	0.26245109	10.769	0.579	18.615	0.342422681	0.736396502	0.53	7.57	4.33	8.396226415	0.587846764	14.28301887	1.230448921	2.45484486	3.485295439	0.142702246	27.378	0.024	0.001	17.75	5	5.11	0.10667568	1	0	314	85	0.8797	0.8797	2.48	2.88	5.36	10.12	12.02	13.99	13	1	1.667389611	1	0	0	0	0	60	-585285.01	-1185192.41
95	0.863	1.34	0.11	2.18	0.190331698	12.182	0.615	19.818	0.230448921	0.755112266	0.33	6.87	4.14	14.21212121	0.682678311	20.81818182	0.954242509	2.281033367	3.190051418	0.098643726	31.059	0.032	0.001	23.75	5.5	4.1	0.07642048	1	16	330	85	0.7414	0.6795	2.86	3.07	5.94	11.43	13.89	15.16	14.52	1	1.853811716	0	1	0	0	0	53	-581008.24	-1178016.48
96	1.73	1.5	0.14	1.86	0.264817823	10.714	0.806	13.286	0.255272505	0.752048448	0.37	6.44	3.84	12.56756757	0.722049689	17.40540541	1.342422681	2.045322979	2.833784375	0.104828404	25.275	0.013	0.002	5.238	7	3.72	0.041614064	0	10	324	70	0.8892	0.9187	3.99	3.04	7.03	10.52	19.4	15.09	17.26	1	1.367434148	1	0	0	0	0	36	-605493.23	-1158075.35
97	1.117	1.36	0.2	1.94	0.209515015	6.8	0.701	9.7	0.301029996	0.797267541	0.7	7.89	3.01	7.528571429	0.667934094	11.27142857	1.954242509	2.352182518	2.881384657	0.125806458	25.625	0.004	0.002	2.517	5	3.54	0.050429859	0	8	373	80	0.9064	0.9041	4.82	2.91	7.73	9.63	23.36	14.31	18.86	0	1.508313523	1	0	0	0	0	52	-607190.1	-1159660.57
98	1.453	1.15	0.19	1.41	0.161368002	6.053	0.816	7.421	0.447158031	0.740362689	0.6	8.27	3.64	7.5	0.544135429	13.78333333	2.049218023	2.482873584	3.413802517	0.103803721	32.111	0.002	0.001	2.73	4.5	4.41	0.152638388	1	7	388	75	0.8471	0.8056	4.11	2.71	6.82	9.39	19.93	13.29	16.63	1	1.852218111	0	1	0	0	0	44	-607468.98	-1159381.34
99	1.818	1.36	0.2	2.38	0.227886705	6.8	0.571	11.9	0.278753601	0.758154622	0.58	7.91	3.38	8.155172414	0.597977244	13.63793103	1.838849091	2.255272505	3.009450896	0.095169351	27.306	0.004	0.001	2.632	4	3.79	0.058935691	0	6	443	65	0.868	0.8964	3.85	3.24	7.09	11.47	18.66	15.83	17.25	1	1.749325764	0	1	0	0	0	35	-610552.16	-1161372.59
100	1.161	1.74	0.16	2.18	0.23299611	10.875	0.798	13.625	0.204119983	0.761927838	0.47	6.47	3.68	10.17021277	0.738794436	13.76595745	2.130333768	2.326335861	2.907411361	0.1752218	22.555	0.004	0.002	1.575	4	3.55	0.067785283	0	36	391	60	0.9642	0.8812	5.68	4.26	9.94	16.28	27.62	21.47	24.6	1	0.908511525	0	0	1	0	0	72	-610586.69	-1161962.35
